        L        M    PC   BP   SP   stack
Initial values :      499  439  440
JMP     0        45   454  439  440
INC     0        5    451  439  435  0 0 0 0 0
Please Enter an Integer : 8
SYS     0        2    448  439  434  0 0 0 0 0  8
CAL     0        3    496  433  434  0 0 0 0 0  8
JMP     0        6    493  433  434  0 0 0 0 0  8
INC     0        4    490  433  430  0 0 0 0 0  8 | 439 439 445 0
LIT     0        4    487  433  429  0 0 0 0 0  8 | 439 439 445 0 4
LIT     0        3    484  433  428  0 0 0 0 0  8 | 439 439 445 0 4  3
MUL     0        3    481  433  429  0 0 0 0 0  8 | 439 439 445 0 12
STO     1        4    478  433  430  0 0 0 0 12 8 | 439 439 445 0
LIT     0        14   475  433  429  0 0 0 0 12 8 | 439 439 445 0 14
LOD     1        4    472  433  428  0 0 0 0 12 8 | 439 439 445 0 14 12
LSS     0        7    469  433  429  0 0 0 0 12 8 | 439 439 445 0 0
JPC     0        39   460  433  430  0 0 0 0 12 8 | 439 439 445 0
LIT     0        5    457  433  429  0 0 0 0 12 8 | 439 439 445 0 5
RTN     0        0    445  439  434  0 0 0 0 12 8
Output result is : 8
SYS     0        1    442  439  435  0 0 0 0 12
SYS     0        3    439  439  435  0 0 0 0 12